-0.00458402961299626 1 27
-1.50081129529506 2 28
1.62366328892337 2 29
2.15174350034057 0 34
-0.620677609599729 1 16
-1.07541334720898 2 20
-0.620677609599729 2 19
-0.312630819606363 1 23
1.59432549940019 0 26
-0.033921819136174 0 15
-1.16342671577852 1 21
0.934225235128692 1 28
-0.972731083877862 1 9
-0.253955240560007 1 23
1.0515763932214 2 25
-1.36879124244076 2 16
0.112767128479715 1 22
0.259456076095604 1 30
0.802205182274392 0 24
0.376807234188314 2 24
0.318131655141959 1 17
-0.356637503891129 2 22
-0.694022083407673 1 15
0.156773812764481 1 20
-0.121935187705707 0 27
-0.503326451507018 2 24
1.27160981464524 2 15
1.69700776273131 0 23
-0.826042136261973 2 25
2.03439234224786 1 29
-2.07289819099703 2 22
-1.16342671577852 1 23
-0.180610766752063 0 29
2.35710802700281 0 25
-0.268624135321596 1 23
-1.85286476957319 2 21
0.728860708466447 0 27
0.494158392281025 0 21
0.670185129420092 0 17
-1.20743340006328 2 27
1.0515763932214 0 27
1.47697434130748 1 30
1.66766997320814 0 21
0.626178445135326 0 15
-1.28077787387123 2 26
0.626178445135326 0 17
-0.371306398652718 0 22
-0.840711031023562 1 24
0.538165076565792 2 27
-0.914055504831507 1 21
0.362138339426726 0 16
-0.459319767222251 1 22
-0.855379925785151 1 21
-0.914055504831507 1 32
-0.253955240560007 1 22
0.332800549903548 0 28
0.596840655612148 0 24
-1.01673776816263 1 21
1.49164323606907 0 31
1.33028539369159 1 22
-1.44213571624871 2 11
-0.444650872460663 1 26
1.35962318321477 0 27
0.200780497049248 0 21
-0.958062189116273 1 23
-0.0192529243745855 1 28
1.12492086702935 0 23
-0.576670925314962 1 27
-1.07541334720898 2 27
-0.0632596086593518 1 20
0.934225235128692 2 26
-0.635346504361318 1 15
2.12240571081739 0 31
1.81435892082402 0 29
0.69952291894327 2 22
-0.517995346268607 1 25
-0.312630819606363 1 22
-0.47398866198384 1 14
0.406145023711492 0 24
2.25442576367169 0 16
-0.268624135321596 0 26
0.904887445605514 1 29
-0.620677609599729 1 25
0.904887445605514 0 28
-0.444650872460663 2 20
-0.532664241030196 1 23
-0.239286345798418 2 23
-2.29293161242086 2 12
-1.10475113673216 2 14
-0.283293030083185 1 26
-1.35412234767917 1 18
-0.547333135791785 2 18
-0.209948556275241 1 20
-0.752697662454029 2 29
-0.151272977228885 1 17
0.362138339426726 1 29
0.347469444665136 1 28
-0.620677609599729 2 27
0.083429338956537 1 27
0.772867392751214 1 29
-0.87004882054674 1 18
-0.136604082467296 1 19
-0.107266292944118 2 25
-0.796704346738795 1 18
-1.41279792672553 2 12
3.45727513412198 0 28
-0.0779285034209407 1 18
-0.767366557215618 1 27
-0.34196860912954 2 25
0.318131655141959 1 19
-1.03140666292422 1 27
1.43296765702271 1 22
0.30346276038037 0 29
-0.0925973981825296 0 23
-0.87004882054674 1 26
0.0540915494333593 1 21
-0.165941871990474 0 18
-1.53014908481824 2 24
-0.34196860912954 2 23
-1.41279792672553 2 16
-0.033921819136174 0 20
1.66766997320814 0 28
-0.708690978169262 1 18
-1.03140666292422 1 19
-1.22210229482487 1 28
-0.327299714367951 0 17
-0.400644188175896 1 26
-0.415313082937485 1 25
1.27160981464524 0 25
-0.60600871483814 1 26
-0.444650872460663 1 20
-0.708690978169262 1 22
0.552833971327381 2 28
-0.459319767222251 1 21
0.890218550843925 0 14
-0.180610766752063 1 24
-0.60600871483814 0 29
-0.297961924844774 2 20
0.0540915494333593 1 24
-0.517995346268607 1 14
-0.723359872930851 2 24
-1.17809561054011 2 22
-1.36879124244076 1 19
-0.855379925785151 1 25
-0.253955240560007 0 21
0.112767128479715 2 25
-1.26610897910964 2 20
-0.385975293414307 1 27
-0.664684293884495 0 17
0.17144270752607 2 19
0.450151707996259 0 24
0.626178445135326 1 27
1.78502113130085 0 34
0.919556340367103 1 30
0.68485402418168 2 25
0.96356302465187 0 22
1.56498770987701 1 24
0.538165076565792 0 26
0.802205182274392 1 25
-1.61816245338777 2 19
0.538165076565792 2 29
-0.0925973981825296 2 28
0.890218550843925 0 23
-0.195279661513652 1 25
-1.48614240053347 2 28
1.77035223653926 0 13
-0.195279661513652 2 28
-0.327299714367951 1 23
0.17144270752607 1 26
0.846211866559158 2 24
0.083429338956537 0 19
0.904887445605514 1 20
0.611509550373736 1 29
0.68485402418168 1 25
2.04906123700945 0 32
-0.620677609599729 1 21
-0.840711031023562 1 24
0.420813918473081 1 30
0.420813918473081 1 25
0.083429338956537 1 23
-0.679353188646084 1 14
0.611509550373736 0 22
-0.195279661513652 1 20
0.347469444665136 1 26
-0.459319767222251 2 26
0.56750286608897 0 28
-1.10475113673216 1 20
-0.650015399122907 2 24
0.17144270752607 1 20
0.772867392751214 2 27
0.831542971797569 0 18
-0.796704346738795 1 21
0.552833971327381 1 29
-1.97021592766591 2 24
-0.195279661513652 2 28
0.259456076095604 1 23
-0.650015399122907 1 24
0.450151707996259 0 28
0.714191813704858 1 25
-0.195279661513652 1 17
-0.312630819606363 1 19
-0.400644188175896 1 27
-0.151272977228885 0 20
-0.635346504361318 1 19
0.69952291894327 0 19
1.38896097273795 1 24
-1.32478455815599 2 23
0.596840655612148 0 27
-0.517995346268607 2 22
-0.0485907138977632 1 25
-0.356637503891129 1 21
-0.283293030083185 1 27
1.25694091988365 0 21
0.0687604441949478 1 25
0.083429338956537 1 18
0.0980982337181256 1 29
-0.429981977699074 1 14
0.992900814175047 2 30
0.728860708466447 0 26
2.66515481699618 0 11
1.0515763932214 0 21
-0.503326451507018 1 25
-0.327299714367951 0 22
0.626178445135326 1 24
0.860880761320747 0 28
0.596840655612148 1 26
1.33028539369159 0 24
1.25694091988365 1 32
-0.591339820076551 1 21
0.802205182274392 0 14
1.47697434130748 0 23
0.508827287042614 0 20
-0.591339820076551 2 23
0.376807234188314 2 22
-0.576670925314962 2 25
1.03690749845981 0 28
-0.826042136261973 2 24
-0.958062189116273 1 20
-0.107266292944118 0 24
-0.033921819136174 1 22
-0.723359872930851 2 26
-0.694022083407673 1 17
0.274124970857192 1 32
1.30094760416841 0 19
-0.650015399122907 1 10
-0.752697662454029 1 22
0.230118286572426 1 31
1.56498770987701 1 23
0.714191813704858 0 22
-0.151272977228885 1 23
2.87051934365842 0 26
3.36926176555244 0 28
-0.840711031023562 1 29
0.0100848651485923 0 14
-0.488657556745429 1 16
-1.89687145385796 2 25
-1.10475113673216 2 24
2.26909465843328 0 28
-2.13157377004338 1 10
-0.826042136261973 2 17
0.596840655612148 1 26
-0.488657556745429 2 29
2.56247255366506 0 17
-1.28077787387123 2 18
1.03690749845981 0 22
1.33028539369159 0 12
-1.04607555768581 2 19
-0.151272977228885 0 14
0.0687604441949478 0 32
-0.195279661513652 1 15
1.93171007891673 0 30
0.787536287512803 0 28
-0.840711031023562 2 20
-1.10475113673216 1 10
-0.752697662454029 1 23
-0.400644188175896 1 27
1.24227202512206 0 28
1.4476365517843 1 28
-0.253955240560007 1 24
0.802205182274392 1 30
-0.0632596086593518 1 24
2.04906123700945 0 19
-1.32478455815599 1 15
-0.73802876769244 2 21
1.12492086702935 1 24
2.88518823842001 0 21
-0.400644188175896 1 25
-0.371306398652718 1 15
0.816874077035981 0 29
-0.635346504361318 1 24
0.362138339426726 2 28
-0.620677609599729 2 28
-1.42746682148712 2 16
-0.679353188646084 1 23
-0.385975293414307 1 25
0.978231919413458 0 30
0.391476128949903 1 25
0.347469444665136 1 25
1.15425865655252 0 21
-0.136604082467296 1 25
-0.415313082937485 1 22
1.38896097273795 0 27
-1.99955371718908 2 24
-1.04607555768581 1 21
1.35962318321477 0 23
-0.635346504361318 2 17
-1.26610897910964 2 22
0.978231919413458 0 19
0.68485402418168 1 17
1.06624528798299 0 25
-1.47147350577188 2 29
-1.47147350577188 2 26
-0.0632596086593518 0 23
-0.033921819136174 1 25
0.332800549903548 1 26
-0.503326451507018 1 18
-0.00458402961299626 2 16
-0.899386610069918 2 27
-0.708690978169262 2 22
-0.327299714367951 1 27
1.11025197226776 0 25
-2.20491824385133 2 22
-0.752697662454029 2 19
-1.97021592766591 2 14
-1.22210229482487 2 16
0.0540915494333593 1 22
